0
248
359
214
155
902
779
948
629
622
749
107
193
753
976
559
936
632
198
350
555
128
838
286
906
110
301
452
29
787
230
700
434
468
248
305
252
301
998
469
732
328
417
465
107
89
317
826
248
753
319
608
457
449
825
708
611
573
608
755
861
455
714
383
49
687
557
34
538
136
565
232
493
621
635
78
836
147
65
173
907
981
305
843
693
486
304
679
974
307
222
861
827
31
869
78
425
860
122
530
435
937
225
323
698
573
766
319
848
917
411
944
885
235
448
766
168
286
981
234
616
521
365
699
953
851
619
500
483
88
267
124
96
872
415
395
324
727
138
494
163
476
644
494
526
714
421
335
381
644
805
142
572
998
426
694
446
209
908
838
378
51
903
723
529
646
470
480
533
45
500
877
410
721
706
304
787
487
406
121
529
825
338
109
396
501
983
553
882
95
153
527
113
482
729
846
296
282
361
391
963
916
832
926
840
947
34
534
179
339
555
226
34
629
562
231
450
213
702
626
925
741
417
595
660
583
482
155
465
196
851
836
121
798
621
452
834
887
120
133
430
201
649
7
194
62
884
10
729
502
999
223
332
250
994
261
890
693
199
2
265
846
379
808
339
302
618
748
499
184
559
486
325
210
366
465
452
137
326
767
695
208
248
672
48
648
877
179
607
563
798
7
59
894
721
61
268
717
464
950
546
